#include "Graph.h"
#include <iostream>

// Auto-generated from OSMnx data for Merced, CA
// 10612 intersections, 27386 road segments
// Distances scaled by 10000 for integer precision (divide by 10000 to get miles)

Graph create_merced_network() {
    // Create graph with 10612 vertices and 27386 edges
    Graph merced(10612, 27386);
    
    std::cout << "Loading Merced, CA road network..." << std::endl;
    std::cout << "Nodes: 10612, Edges: 27386" << std::endl;
    std::cout << "Distances are scaled integers (divide by 10000 for miles)" << std::endl;
    
    // Adding road segments with distances in miles
    merced.addEdge(0, 5414, 5149);
    merced.addEdge(0, 78, 2465);
    merced.addEdge(0, 68, 2520);
    merced.addEdge(1, 86, 3105);
    merced.addEdge(2, 107, 8408);
    merced.addEdge(2, 60, 1662);
    merced.addEdge(2, 78, 10644);
    merced.addEdge(3, 38, 6534);
    merced.addEdge(4, 25, 2516);
    merced.addEdge(4, 5, 1981);
    merced.addEdge(4, 38, 1973);
    merced.addEdge(5, 6, 2999);
    merced.addEdge(5, 4, 1981);
    merced.addEdge(5, 38, 2661);
    merced.addEdge(6, 25, 3253);
    merced.addEdge(6, 5, 2999);
    merced.addEdge(6, 26, 7540);
    merced.addEdge(7, 53, 305);
    merced.addEdge(7, 8, 821);
    merced.addEdge(7, 97, 7624);
    merced.addEdge(7, 27, 484);
    merced.addEdge(8, 9, 5564);
    merced.addEdge(8, 7, 821);
    merced.addEdge(8, 26, 434);
    merced.addEdge(8, 53, 758);
    merced.addEdge(9, 8, 5564);
    merced.addEdge(9, 59, 14701);
    merced.addEdge(9, 53, 2390);
    merced.addEdge(10, 87, 5063);
    merced.addEdge(10, 9320, 2396);
    merced.addEdge(11, 88, 3455);
    merced.addEdge(11, 9321, 1859);
    merced.addEdge(12, 57, 4965);
    merced.addEdge(12, 99, 4961);
    merced.addEdge(12, 71, 4882);
    merced.addEdge(13, 58, 5945);
    merced.addEdge(14, 93, 1529);
    merced.addEdge(14, 86, 9155);
    merced.addEdge(14, 83, 2152);
    merced.addEdge(15, 93, 7474);
    merced.addEdge(16, 56, 4316);
    merced.addEdge(16, 23, 12293);
    merced.addEdge(16, 29, 24087);
    merced.addEdge(17, 71, 26549);
    merced.addEdge(18, 73, 6463);
    merced.addEdge(19, 20, 1978);
    merced.addEdge(20, 50, 1596);
    merced.addEdge(20, 58, 3375);
    merced.addEdge(20, 19, 1978);
    merced.addEdge(21, 75, 2502);
    merced.addEdge(21, 58, 2480);
    merced.addEdge(21, 22, 2736);
    merced.addEdge(22, 21, 2736);
    merced.addEdge(23, 16, 12293);
    merced.addEdge(23, 89, 5016);
    merced.addEdge(23, 24, 7916);
    merced.addEdge(24, 23, 7916);
    merced.addEdge(25, 6, 3253);
    merced.addEdge(25, 4, 2516);
    merced.addEdge(25, 54, 5068);
    merced.addEdge(25, 74, 12750);
    merced.addEdge(26, 27, 1628);
    merced.addEdge(26, 6, 7540);
    merced.addEdge(26, 54, 8651);
    merced.addEdge(26, 8, 434);
    merced.addEdge(27, 96, 6824);
    merced.addEdge(27, 26, 1628);
    merced.addEdge(27, 7, 484);
    merced.addEdge(27, 50, 4222);
    merced.addEdge(28, 96, 47);
    merced.addEdge(29, 16, 24087);
    merced.addEdge(30, 71, 4379);
    merced.addEdge(31, 32, 4374);
    merced.addEdge(31, 63, 4492);
    merced.addEdge(31, 38, 6625);
    merced.addEdge(32, 95, 1334);
    merced.addEdge(32, 95, 1400);
    merced.addEdge(32, 31, 4374);
    merced.addEdge(32, 98, 4021);
    merced.addEdge(33, 43, 2267);
    merced.addEdge(34, 39, 1144);
    merced.addEdge(34, 103, 8335);
    merced.addEdge(34, 73, 3749);
    merced.addEdge(35, 36, 1718);
    merced.addEdge(36, 77, 336);
    merced.addEdge(36, 35, 1718);
    merced.addEdge(36, 78, 1471);
    merced.addEdge(37, 77, 1203);
    merced.addEdge(38, 5, 2661);
    merced.addEdge(38, 3, 6534);
    merced.addEdge(38, 4, 1973);
    merced.addEdge(38, 41, 5156);
    merced.addEdge(38, 31, 6625);
    merced.addEdge(39, 40, 1107);
    merced.addEdge(39, 34, 1144);
    merced.addEdge(39, 77, 3427);
    merced.addEdge(40, 39, 1107);
    merced.addEdge(41, 38, 5156);
    merced.addEdge(42, 66, 10075);
    merced.addEdge(42, 327, 2210);
    merced.addEdge(42, 107, 20114);
    merced.addEdge(43, 33, 2267);
    merced.addEdge(43, 50, 5090);
    merced.addEdge(43, 75, 4896);
    merced.addEdge(44, 45, 2386);
    merced.addEdge(45, 44, 2386);
    merced.addEdge(45, 63, 3926);
    merced.addEdge(45, 46, 2538);
    merced.addEdge(46, 60, 2458);
    merced.addEdge(46, 59, 5484);
    merced.addEdge(46, 45, 2538);
    merced.addEdge(47, 99, 14967);
    merced.addEdge(47, 9631, 6247);
    merced.addEdge(47, 9386, 10032);
    merced.addEdge(48, 9394, 5086);
    merced.addEdge(48, 73, 9955);
    merced.addEdge(48, 9329, 2368);
    merced.addEdge(48, 9388, 10033);
    merced.addEdge(49, 80, 1477);
    merced.addEdge(49, 9389, 3578);
    merced.addEdge(49, 68, 5137);
    merced.addEdge(49, 9334, 5095);
    merced.addEdge(50, 43, 5090);
    merced.addEdge(50, 20, 1596);
    merced.addEdge(50, 51, 9997);
    merced.addEdge(50, 27, 4222);
    merced.addEdge(51, 50, 9997);
    merced.addEdge(51, 54, 5005);
    merced.addEdge(51, 72, 11422);
    merced.addEdge(52, 73, 10051);
    merced.addEdge(52, 76, 5974);
    merced.addEdge(52, 53, 10073);
    merced.addEdge(52, 9388, 9942);
    merced.addEdge(53, 7, 305);
    merced.addEdge(53, 9, 2390);
    merced.addEdge(53, 8, 758);
    merced.addEdge(53, 52, 10073);
    merced.addEdge(54, 25, 5068);
    merced.addEdge(54, 51, 5005);
    merced.addEdge(54, 26, 8651);
    merced.addEdge(55, 100, 7587);
    merced.addEdge(55, 882, 9886);
    merced.addEdge(55, 327, 7898);
    merced.addEdge(56, 704, 6971);
    merced.addEdge(56, 16, 4316);
    merced.addEdge(56, 294, 17364);
    merced.addEdge(57, 70, 4936);
    merced.addEdge(57, 12, 4965);
    merced.addEdge(57, 58, 5037);
    merced.addEdge(58, 21, 2480);
    merced.addEdge(58, 20, 3375);
    merced.addEdge(58, 13, 5945);
    merced.addEdge(58, 57, 5037);
    merced.addEdge(59, 46, 5484);
    merced.addEdge(59, 60, 3107);
    merced.addEdge(59, 9, 14701);
    merced.addEdge(60, 46, 2458);
    merced.addEdge(60, 2, 1662);
    merced.addEdge(60, 59, 3107);
    merced.addEdge(61, 105, 24);
    merced.addEdge(61, 106, 43);
    merced.addEdge(61, 942, 2426);
    merced.addEdge(62, 105, 1009);
    merced.addEdge(62, 944, 1035);
    merced.addEdge(62, 463, 322);
    merced.addEdge(62, 1341, 1362);
    merced.addEdge(63, 64, 1023);
    merced.addEdge(63, 45, 3926);
    merced.addEdge(63, 31, 4492);
    merced.addEdge(64, 81, 3619);
    merced.addEdge(64, 65, 484);
    merced.addEdge(64, 63, 1023);
    merced.addEdge(65, 67, 1035);
    merced.addEdge(65, 66, 9552);
    merced.addEdge(65, 64, 484);
    merced.addEdge(66, 65, 9552);
    merced.addEdge(66, 42, 10075);
    merced.addEdge(66, 74, 16490);
    merced.addEdge(67, 65, 1035);
    merced.addEdge(68, 0, 2520);
    merced.addEdge(68, 49, 5137);
    merced.addEdge(68, 6188, 5130);
    merced.addEdge(69, 104, 1560);
    merced.addEdge(69, 110, 2500);
    merced.addEdge(69, 78, 10187);
    merced.addEdge(69, 107, 10118);
    merced.addEdge(70, 57, 4936);
    merced.addEdge(70, 75, 5022);
    merced.addEdge(70, 99, 5002);
    merced.addEdge(71, 17, 26549);
    merced.addEdge(71, 12, 4882);
    merced.addEdge(71, 30, 4379);
    merced.addEdge(72, 51, 11422);
    merced.addEdge(73, 48, 9955);
    merced.addEdge(73, 18, 6463);
    merced.addEdge(73, 34, 3749);
    merced.addEdge(73, 52, 10051);
    merced.addEdge(74, 25, 12750);
    merced.addEdge(74, 66, 16490);
    merced.addEdge(74, 79, 9348);
    merced.addEdge(75, 21, 2502);
    merced.addEdge(75, 43, 4896);
    merced.addEdge(75, 70, 5022);
    merced.addEdge(75, 9632, 12058);
    merced.addEdge(76, 97, 5139);
    merced.addEdge(76, 9632, 8299);
    merced.addEdge(76, 52, 5974);
    merced.addEdge(76, 91, 254);
    merced.addEdge(77, 36, 336);
    merced.addEdge(77, 39, 3427);
    merced.addEdge(77, 37, 1203);
    merced.addEdge(78, 2, 10644);
    merced.addEdge(78, 0, 2465);
    merced.addEdge(78, 69, 10187);
    merced.addEdge(78, 36, 1471);
    merced.addEdge(79, 83, 146);
    merced.addEdge(79, 84, 13523);
    merced.addEdge(79, 74, 9348);
    merced.addEdge(80, 49, 1477);
    merced.addEdge(81, 64, 3619);
    merced.addEdge(82, 86, 6606);
    merced.addEdge(83, 79, 146);
    merced.addEdge(83, 93, 2015);
    merced.addEdge(83, 14, 2152);
    merced.addEdge(84, 79, 13523);
    merced.addEdge(85, 92, 779);
    merced.addEdge(85, 791, 1760);
    merced.addEdge(85, 809, 1117);
    merced.addEdge(86, 1, 3105);
    merced.addEdge(86, 14, 9155);
    merced.addEdge(86, 82, 6606);
    merced.addEdge(87, 9629, 50804);
    merced.addEdge(88, 308, 108636);
    merced.addEdge(89, 23, 5016);
    merced.addEdge(90, 102, 19725);
    merced.addEdge(91, 76, 254);
    merced.addEdge(92, 85, 779);
    merced.addEdge(92, 104, 3370);
    merced.addEdge(92, 1186, 2900);
    merced.addEdge(93, 83, 2015);
    merced.addEdge(93, 15, 7474);
    merced.addEdge(93, 14, 1529);
    merced.addEdge(94, 95, 123);
    merced.addEdge(95, 94, 123);
    merced.addEdge(95, 32, 1334);
    merced.addEdge(95, 32, 1400);
    merced.addEdge(96, 28, 47);
    merced.addEdge(96, 27, 6824);
    merced.addEdge(96, 97, 660);
    merced.addEdge(97, 7, 7624);
    merced.addEdge(97, 76, 5139);
    merced.addEdge(97, 96, 660);
    merced.addEdge(98, 32, 4021);
    merced.addEdge(99, 12, 4961);
    merced.addEdge(99, 47, 14967);
    merced.addEdge(99, 70, 5002);
    merced.addEdge(100, 55, 7587);
    merced.addEdge(101, 102, 814);
    merced.addEdge(101, 962, 19100);
    merced.addEdge(102, 90, 19725);
    merced.addEdge(102, 101, 828);
    merced.addEdge(103, 34, 8335);
    merced.addEdge(104, 69, 1560);
    merced.addEdge(104, 92, 3370);
    merced.addEdge(104, 1545, 990);
    merced.addEdge(105, 62, 1009);
    merced.addEdge(105, 61, 24);
    merced.addEdge(105, 1527, 395);
    merced.addEdge(106, 61, 43);
    merced.addEdge(106, 107, 2827);
    merced.addEdge(107, 106, 2827);
    merced.addEdge(107, 2, 8408);
    merced.addEdge(107, 42, 20114);
    merced.addEdge(107, 69, 10118);
    merced.addEdge(108, 335, 3179);
    merced.addEdge(108, 112, 9967);
    merced.addEdge(108, 299, 3631);
    merced.addEdge(108, 109, 7920);
    merced.addEdge(109, 108, 7920);
    merced.addEdge(109, 109, 1261);
    merced.addEdge(109, 109, 1261);
    merced.addEdge(110, 69, 2500);
    merced.addEdge(110, 1497, 914);
    merced.addEdge(110, 5414, 5054);
    merced.addEdge(111, 112, 16668);
    merced.addEdge(112, 113, 872);
    merced.addEdge(112, 111, 16668);
    merced.addEdge(112, 1441, 4818);
    merced.addEdge(112, 108, 9967);
    merced.addEdge(113, 114, 5518);
    merced.addEdge(113, 112, 872);
    merced.addEdge(113, 265, 15746);
    merced.addEdge(114, 113, 5518);
    merced.addEdge(115, 116, 537);
    merced.addEdge(115, 1099, 1511);
    merced.addEdge(115, 1066, 3492);
    merced.addEdge(116, 115, 537);
    merced.addEdge(117, 118, 515);
    merced.addEdge(118, 117, 515);
    merced.addEdge(118, 434, 3899);
    merced.addEdge(118, 423, 1098);
    merced.addEdge(119, 192, 297);
    merced.addEdge(119, 120, 329);
    merced.addEdge(119, 256, 2719);
    merced.addEdge(120, 121, 2806);
    merced.addEdge(121, 190, 38863);
    merced.addEdge(122, 707, 2514);
    merced.addEdge(122, 123, 2530);
    merced.addEdge(122, 216, 8127);
    merced.addEdge(123, 122, 2530);
    merced.addEdge(124, 297, 8497);
    merced.addEdge(125, 1197, 14171);
    merced.addEdge(125, 9138, 106844);
    merced.addEdge(125, 537, 5840);
    merced.addEdge(126, 127, 8209);
    merced.addEdge(126, 170, 3112);
    merced.addEdge(126, 169, 4056);
    merced.addEdge(127, 128, 4174);
    merced.addEdge(127, 126, 8209);
    merced.addEdge(127, 170, 7229);
    merced.addEdge(128, 129, 2919);
    merced.addEdge(128, 127, 4174);
    merced.addEdge(128, 130, 5400);
    merced.addEdge(129, 128, 2919);
    merced.addEdge(130, 131, 9336);
    merced.addEdge(130, 128, 5400);
    merced.addEdge(130, 1458, 8952);
    merced.addEdge(131, 132, 4256);
    merced.addEdge(131, 130, 9336);
    merced.addEdge(131, 274, 3820);
    merced.addEdge(132, 133, 3912);
    merced.addEdge(132, 131, 4256);
    merced.addEdge(132, 274, 5767);
    merced.addEdge(133, 132, 3912);
    merced.addEdge(133, 171, 10196);
    merced.addEdge(133, 229, 3287);
    merced.addEdge(135, 212, 230);
    merced.addEdge(135, 134, 134);
    merced.addEdge(136, 135, 139);
    merced.addEdge(136, 212, 298);
    merced.addEdge(137, 136, 2554);
    merced.addEdge(138, 1495, 84700);
    merced.addEdge(139, 140, 5149);
    merced.addEdge(140, 139, 5149);
    merced.addEdge(140, 329, 4237);
    merced.addEdge(140, 404, 3249);
    merced.addEdge(141, 960, 20021);
    merced.addEdge(142, 145, 701);
    merced.addEdge(142, 143, 3186);
    merced.addEdge(142, 601, 863);
    merced.addEdge(143, 587, 6619);
    merced.addEdge(144, 145, 2657);
    merced.addEdge(144, 141, 5732);
    merced.addEdge(145, 142, 701);
    merced.addEdge(145, 141, 3101);
    merced.addEdge(145, 869, 3171);
    merced.addEdge(146, 221, 583);
    merced.addEdge(146, 5454, 8774);
    merced.addEdge(146, 236, 2580);
    merced.addEdge(146, 7834, 5000);
    merced.addEdge(147, 439, 897);
    merced.addEdge(147, 438, 4167);
    merced.addEdge(147, 5455, 482);
    merced.addEdge(148, 486, 1621);
    merced.addEdge(149, 150, 1488);
    merced.addEdge(149, 990, 2171);
    merced.addEdge(149, 239, 16455);
    merced.addEdge(150, 149, 1488);
    merced.addEdge(151, 152, 2452);
    merced.addEdge(151, 152, 855);
    merced.addEdge(151, 512, 5560);
    merced.addEdge(152, 151, 2452);
    merced.addEdge(152, 151, 855);
    merced.addEdge(152, 162, 5702);
    merced.addEdge(153, 154, 1117);
    merced.addEdge(154, 765, 1164);
    merced.addEdge(154, 153, 1117);
    merced.addEdge(154, 764, 3880);
    merced.addEdge(155, 157, 446);
    merced.addEdge(155, 765, 209);
    merced.addEdge(155, 156, 202);
    merced.addEdge(156, 178, 182);
    merced.addEdge(156, 157, 948);
    merced.addEdge(156, 155, 202);
    merced.addEdge(157, 155, 446);
    merced.addEdge(157, 156, 948);
    merced.addEdge(157, 563, 4377);
    merced.addEdge(158, 159, 1202);
    merced.addEdge(159, 158, 1202);
    merced.addEdge(159, 310, 3815);
    merced.addEdge(159, 178, 3584);
    merced.addEdge(160, 161, 1705);
    merced.addEdge(160, 162, 2926);
    merced.addEdge(160, 511, 10022);
    merced.addEdge(161, 160, 1705);
    merced.addEdge(162, 163, 2342);
    merced.addEdge(162, 152, 5702);
    merced.addEdge(162, 160, 2926);
    merced.addEdge(163, 162, 2342);
    merced.addEdge(164, 1013, 2056);
    merced.addEdge(164, 165, 2416);
    merced.addEdge(164, 654, 2964);
    merced.addEdge(165, 164, 2416);
    merced.addEdge(166, 167, 8013);
    merced.addEdge(167, 166, 8013);
    merced.addEdge(167, 339, 9171);
    merced.addEdge(167, 804, 6204);
    merced.addEdge(168, 169, 16103);
    merced.addEdge(169, 126, 4056);
    merced.addEdge(169, 168, 16103);
    merced.addEdge(169, 288, 3120);
    merced.addEdge(170, 171, 7979);
    merced.addEdge(170, 126, 3112);
    merced.addEdge(170, 127, 7229);
    merced.addEdge(171, 172, 5818);
    merced.addEdge(171, 170, 7979);
    merced.addEdge(171, 230, 5507);
    merced.addEdge(171, 133, 10196);
    merced.addEdge(172, 171, 5818);
    merced.addEdge(173, 483, 1415);
    merced.addEdge(173, 5523, 6085);
    merced.addEdge(173, 5467, 1388);
    merced.addEdge(174, 175, 2911);
    merced.addEdge(174, 336, 5415);
    merced.addEdge(174, 177, 1438);
    merced.addEdge(175, 174, 2911);
    merced.addEdge(176, 177, 859);
    merced.addEdge(177, 176, 859);
    merced.addEdge(177, 174, 1438);
    merced.addEdge(177, 405, 7052);
    merced.addEdge(178, 156, 182);
    merced.addEdge(178, 765, 191);
    merced.addEdge(178, 159, 3584);
    merced.addEdge(179, 142, 2649);
    merced.addEdge(179, 143, 5803);
    merced.addEdge(180, 181, 928);
    merced.addEdge(180, 489, 5171);
    merced.addEdge(180, 488, 3534);
    merced.addEdge(181, 180, 928);
    merced.addEdge(182, 682, 12976);
    merced.addEdge(183, 644, 4987);
    merced.addEdge(183, 643, 2374);
    merced.addEdge(183, 199, 4284);
    merced.addEdge(183, 434, 5094);
    merced.addEdge(184, 588, 16858);
    merced.addEdge(185, 186, 2007);
    merced.addEdge(185, 713, 3157);
    merced.addEdge(185, 991, 6907);
    merced.addEdge(186, 185, 2007);
    merced.addEdge(187, 188, 1336);
    merced.addEdge(187, 245, 1183);
    merced.addEdge(187, 1131, 10889);
    merced.addEdge(188, 187, 1336);
    merced.addEdge(189, 588, 13545);
    merced.addEdge(190, 1285, 1877);
    merced.addEdge(190, 189, 2755);
    merced.addEdge(191, 1445, 13447);
    merced.addEdge(192, 119, 297);
    merced.addEdge(192, 1434, 46);
    merced.addEdge(192, 120, 164);
    merced.addEdge(193, 307, 277);
    merced.addEdge(193, 1434, 168);
    merced.addEdge(194, 193, 3547);
    merced.addEdge(194, 121, 3424);
    merced.addEdge(195, 197, 1283);
    merced.addEdge(195, 196, 657);
    merced.addEdge(195, 435, 3698);
    merced.addEdge(196, 195, 657);
    merced.addEdge(197, 195, 1283);
    merced.addEdge(197, 436, 9991);
    merced.addEdge(197, 363, 4994);
    merced.addEdge(198, 199, 834);
    merced.addEdge(199, 198, 834);
    merced.addEdge(199, 435, 702);
    merced.addEdge(199, 183, 4284);
    merced.addEdge(200, 206, 1966);
    merced.addEdge(200, 1087, 718);
    merced.addEdge(200, 201, 757);
    merced.addEdge(201, 200, 757);
    merced.addEdge(202, 203, 815);
    merced.addEdge(203, 208, 1358);
    merced.addEdge(203, 202, 815);
    merced.addEdge(203, 261, 3207);
    merced.addEdge(204, 363, 893);
    merced.addEdge(204, 205, 792);
    merced.addEdge(204, 208, 1625);
    merced.addEdge(205, 204, 792);
    merced.addEdge(206, 363, 2305);
    merced.addEdge(206, 200, 1966);
    merced.addEdge(206, 207, 823);
    merced.addEdge(207, 206, 823);
    merced.addEdge(208, 209, 498);
    merced.addEdge(208, 203, 1358);
    merced.addEdge(208, 204, 1625);
    merced.addEdge(209, 208, 498);
    merced.addEdge(209, 209, 1747);
    merced.addEdge(209, 209, 1747);
    merced.addEdge(210, 211, 1436);
    merced.addEdge(210, 985, 2186);
    merced.addEdge(210, 583, 5167);
    merced.addEdge(211, 210, 1436);
    merced.addEdge(212, 135, 230);
    merced.addEdge(212, 134, 286);
    merced.addEdge(212, 1018, 5249);
    merced.addEdge(213, 672, 372);
    merced.addEdge(214, 674, 365);
    merced.addEdge(215, 675, 361);
    merced.addEdge(216, 217, 764);
    merced.addEdge(216, 1148, 4387);
    merced.addEdge(216, 122, 8127);
    merced.addEdge(217, 216, 764);
    merced.addEdge(218, 1287, 4316);
    merced.addEdge(218, 857, 17478);
    merced.addEdge(218, 265, 19152);
    merced.addEdge(219, 284, 2546);
    merced.addEdge(219, 375, 1021);
    merced.addEdge(219, 2089, 465);
    merced.addEdge(220, 221, 750);
    merced.addEdge(220, 5507, 718);
    merced.addEdge(220, 847, 3637);
    merced.addEdge(221, 220, 750);
    merced.addEdge(221, 146, 583);
    merced.addEdge(221, 5508, 1148);
    merced.addEdge(222, 756, 2020);
    merced.addEdge(222, 755, 2957);
    merced.addEdge(222, 5510, 704);
    merced.addEdge(223, 281, 99);
    merced.addEdge(223, 280, 726);
    merced.addEdge(223, 224, 748);
    merced.addEdge(224, 225, 5385);
    merced.addEdge(224, 223, 748);
    merced.addEdge(224, 249, 226);
    merced.addEdge(225, 224, 5385);
    merced.addEdge(225, 757, 3740);
    merced.addEdge(225, 756, 1265);
    merced.addEdge(226, 275, 539);
    merced.addEdge(226, 281, 658);
    merced.addEdge(226, 227, 692);
    merced.addEdge(227, 226, 692);
    merced.addEdge(228, 1496, 3096);
    merced.addEdge(228, 853, 6940);
    merced.addEdge(228, 852, 14189);
    merced.addEdge(229, 133, 3287);
    merced.addEdge(230, 171, 5507);
    merced.addEdge(231, 234, 111);
    merced.addEdge(231, 232, 3150);
    merced.addEdge(231, 513, 3595);
    merced.addEdge(232, 231, 3150);
    merced.addEdge(233, 234, 3738);
    merced.addEdge(234, 231, 111);
    merced.addEdge(234, 233, 3738);
    merced.addEdge(234, 512, 6172);
    merced.addEdge(235, 757, 2201);
    merced.addEdge(235, 236, 10182);
    merced.addEdge(235, 817, 199);
    merced.addEdge(236, 2097, 966);
    merced.addEdge(236, 235, 10182);
    merced.addEdge(236, 146, 2580);
    merced.addEdge(237, 1186, 1422);
    merced.addEdge(238, 989, 179);
    merced.addEdge(238, 710, 10107);
    merced.addEdge(238, 1515, 222);
    merced.addEdge(239, 989, 183);
    merced.addEdge(239, 238, 277);
    merced.addEdge(239, 149, 16455);
    merced.addEdge(240, 194, 12161);
    merced.addEdge(241, 240, 3984);
    merced.addEdge(241, 240, 3973);
    merced.addEdge(242, 995, 15494);
    merced.addEdge(243, 244, 2665);
    merced.addEdge(243, 1073, 1680);
    merced.addEdge(243, 1408, 3333);
    merced.addEdge(244, 243, 2665);
    merced.addEdge(245, 246, 1260);
    merced.addEdge(245, 1045, 2993);
    merced.addEdge(245, 187, 1183);
    merced.addEdge(246, 245, 1260);
    merced.addEdge(247, 248, 1032);
    merced.addEdge(247, 1045, 1188);
    merced.addEdge(247, 295, 1248);
    merced.addEdge(248, 247, 1032);
    merced.addEdge(249, 224, 226);
    merced.addEdge(250, 251, 917);
    merced.addEdge(250, 884, 13714);
    merced.addEdge(250, 252, 8285);
    merced.addEdge(251, 250, 917);
    merced.addEdge(252, 253, 4793);
    merced.addEdge(252, 250, 8285);
    merced.addEdge(252, 992, 2792);
    merced.addEdge(253, 252, 4793);
    merced.addEdge(254, 346, 821);
    merced.addEdge(254, 255, 1471);
    merced.addEdge(254, 850, 3551);
    merced.addEdge(255, 254, 1471);
    merced.addEdge(256, 287, 143);
    merced.addEdge(256, 119, 2719);
    merced.addEdge(256, 257, 2197);
    merced.addEdge(257, 291, 10366);
    merced.addEdge(258, 1158, 17882);
    merced.addEdge(259, 1015, 5053);
    merced.addEdge(259, 1021, 4949);
    merced.addEdge(259, 631, 4954);
    merced.addEdge(260, 2449, 7939);
    merced.addEdge(260, 439, 12430);
    merced.addEdge(260, 5531, 2889);
    merced.addEdge(261, 262, 993);
    merced.addEdge(261, 981, 2889);
    merced.addEdge(261, 203, 3207);
    merced.addEdge(262, 261, 993);
    merced.addEdge(263, 264, 320);
    merced.addEdge(263, 362, 8780);
    merced.addEdge(263, 982, 1226);
    merced.addEdge(264, 263, 320);
    merced.addEdge(265, 1286, 5252);
    merced.addEdge(265, 113, 15746);
    merced.addEdge(265, 218, 19152);
    merced.addEdge(265, 1147, 1682);
    merced.addEdge(266, 375, 9803);
    merced.addEdge(266, 374, 265);
    merced.addEdge(266, 2135, 407);
    merced.addEdge(267, 268, 1048);
    merced.addEdge(267, 269, 5905);
    merced.addEdge(267, 757, 5582);
    merced.addEdge(268, 267, 1048);
    merced.addEdge(269, 270, 692);
    merced.addEdge(269, 361, 3494);
    merced.addEdge(269, 267, 5905);
    merced.addEdge(270, 269, 692);
    merced.addEdge(271, 371, 2529);
    merced.addEdge(271, 372, 4998);
    merced.addEdge(271, 877, 12425);
    merced.addEdge(272, 1013, 24774);
    merced.addEdge(272, 1013, 4996);
    merced.addEdge(272, 990, 5015);
    merced.addEdge(273, 274, 11381);
    merced.addEdge(274, 132, 5767);
    merced.addEdge(274, 273, 11381);
    merced.addEdge(274, 131, 3820);
    merced.addEdge(275, 226, 539);
    merced.addEdge(275, 276, 908);
    merced.addEdge(275, 376, 1270);
    merced.addEdge(276, 275, 908);
    merced.addEdge(277, 376, 775);
    merced.addEdge(277, 278, 1405);
    merced.addEdge(277, 757, 4237);
    merced.addEdge(278, 277, 1405);
    merced.addEdge(279, 280, 663);
    merced.addEdge(280, 223, 726);
    merced.addEdge(280, 279, 663);
    merced.addEdge(280, 283, 2693);
    merced.addEdge(281, 226, 658);
    merced.addEdge(281, 223, 99);
    merced.addEdge(281, 282, 431);
    merced.addEdge(282, 281, 431);
    merced.addEdge(282, 282, 731);
    merced.addEdge(282, 282, 731);
    merced.addEdge(283, 280, 2693);
    merced.addEdge(283, 284, 434);
    merced.addEdge(283, 5542, 1187);
    merced.addEdge(284, 283, 434);
    merced.addEdge(284, 219, 2546);
    merced.addEdge(284, 2139, 1465);
    merced.addEdge(285, 286, 2919);
    merced.addEdge(285, 257, 4685);
    merced.addEdge(286, 287, 324);
    merced.addEdge(286, 256, 270);
    merced.addEdge(287, 256, 143);
    merced.addEdge(287, 1146, 2237);
    merced.addEdge(288, 169, 3120);
    merced.addEdge(289, 290, 906);
    merced.addEdge(289, 1113, 310);
    merced.addEdge(289, 1171, 9007);
    merced.addEdge(290, 289, 906);
    merced.addEdge(291, 292, 5796);
    merced.addEdge(291, 292, 5790);
    merced.addEdge(292, 137, 83792);
    merced.addEdge(293, 1536, 3903);
    merced.addEdge(294, 56, 17364);
    merced.addEdge(295, 296, 1890);
    merced.addEdge(295, 247, 1248);
    merced.addEdge(295, 1073, 2708);
    merced.addEdge(296, 295, 1890);
    merced.addEdge(297, 329, 1312);
    merced.addEdge(297, 124, 8497);
    merced.addEdge(297, 325, 5602);
    merced.addEdge(298, 299, 1224);
    merced.addEdge(299, 298, 1224);
    merced.addEdge(299, 108, 3631);
    merced.addEdge(299, 855, 28453);
    merced.addEdge(300, 340, 280);
    merced.addEdge(300, 301, 3664);
    merced.addEdge(300, 1448, 4111);
    merced.addEdge(301, 300, 3664);
    merced.addEdge(302, 303, 1397);
    merced.addEdge(303, 302, 1397);
    merced.addEdge(303, 711, 7102);
    merced.addEdge(303, 1448, 1526);
    merced.addEdge(304, 372, 10633);
    merced.addEdge(305, 306, 915);
    merced.addEdge(305, 886, 895);
    merced.addEdge(305, 673, 368);
    merced.addEdge(305, 552, 384);
    merced.addEdge(306, 305, 915);
    merced.addEdge(306, 553, 365);
    merced.addEdge(306, 672, 384);
    merced.addEdge(307, 1434, 196);
    merced.addEdge(307, 834, 1378);
    merced.addEdge(308, 1414, 2078);
    merced.addEdge(308, 309, 3433);
    merced.addEdge(309, 1156, 2418);
    merced.addEdge(310, 1059, 2509);
    merced.addEdge(310, 311, 2049);
    merced.addEdge(310, 159, 3815);
    merced.addEdge(311, 310, 2049);
    merced.addEdge(312, 313, 2041);
    merced.addEdge(312, 313, 1757);
    merced.addEdge(313, 1443, 16980);
    merced.addEdge(314, 376, 12894);
    merced.addEdge(314, 1826, 8935);
    merced.addEdge(314, 1790, 1404);
    merced.addEdge(315, 316, 752);
    merced.addEdge(316, 315, 752);
    merced.addEdge(316, 422, 1609);
    merced.addEdge(316, 803, 3388);
    merced.addEdge(317, 318, 1900);
    merced.addEdge(318, 317, 1900);
    merced.addEdge(318, 991, 7516);
    merced.addEdge(318, 990, 2494);
    merced.addEdge(319, 320, 1322);
    merced.addEdge(319, 990, 5026);
    merced.addEdge(319, 712, 5034);
    merced.addEdge(320, 319, 1322);
    merced.addEdge(321, 322, 3424);
    merced.addEdge(321, 1092, 7593);
    merced.addEdge(321, 711, 2564);
    merced.addEdge(322, 321, 3424);
    merced.addEdge(323, 324, 3483);
    merced.addEdge(323, 712, 3344);
    merced.addEdge(323, 706, 1605);
    merced.addEdge(324, 323, 3483);
    merced.addEdge(325, 405, 661);
    merced.addEdge(325, 326, 749);
    merced.addEdge(325, 297, 5602);
    merced.addEdge(326, 325, 749);
    merced.addEdge(327, 328, 921);
    merced.addEdge(327, 55, 7898);
    merced.addEdge(327, 42, 2210);
    merced.addEdge(328, 327, 921);
    merced.addEdge(329, 297, 1312);
    merced.addEdge(329, 330, 4295);
    merced.addEdge(329, 140, 4237);
    merced.addEdge(330, 329, 4295);
    merced.addEdge(331, 332, 1030);
    merced.addEdge(332, 331, 1030);
    merced.addEdge(332, 1170, 6392);
    merced.addEdge(332, 402, 3000);
    merced.addEdge(333, 334, 951);
    merced.addEdge(333, 571, 951);
    merced.addEdge(333, 584, 2213);
    merced.addEdge(334, 333, 951);
    merced.addEdge(335, 108, 3179);
    merced.addEdge(336, 337, 1013);
    merced.addEdge(336, 406, 1188);
    merced.addEdge(336, 174, 5415);
    merced.addEdge(337, 336, 1013);
    merced.addEdge(338, 339, 2082);
    merced.addEdge(339, 338, 2082);
    merced.addEdge(339, 1012, 9537);
    merced.addEdge(339, 167, 9171);
    merced.addEdge(340, 300, 280);
    merced.addEdge(340, 1493, 971);
    merced.addEdge(340, 710, 2204);
    merced.addEdge(341, 1166, 2773);
    merced.addEdge(341, 342, 5269);
    merced.addEdge(342, 285, 38147);
    merced.addEdge(343, 10, 107291);
    merced.addEdge(344, 343, 5955);
    merced.addEdge(344, 1277, 3118);
    merced.addEdge(345, 346, 1224);
    merced.addEdge(346, 345, 1224);
    merced.addEdge(346, 254, 821);
    merced.addEdge(346, 406, 5578);
    merced.addEdge(347, 869, 6559);
    merced.addEdge(348, 349, 2141);
    merced.addEdge(348, 1098, 1250);
    merced.addEdge(348, 881, 3534);
    merced.addEdge(349, 348, 2141);
    merced.addEdge(350, 351, 1098);
    merced.addEdge(350, 401, 2844);
    merced.addEdge(350, 628, 2822);
    merced.addEdge(351, 350, 1098);
    merced.addEdge(352, 353, 889);
    merced.addEdge(352, 1176, 2610);
    merced.addEdge(352, 1175, 2406);
    merced.addEdge(353, 352, 889);
    merced.addEdge(354, 355, 941);
    merced.addEdge(354, 488, 3091);
    merced.addEdge(354, 487, 4373);
    merced.addEdge(355, 354, 941);
    merced.addEdge(356, 357, 902);
    merced.addEdge(356, 1572, 904);
    merced.addEdge(356, 8561, 754);
    merced.addEdge(356, 497, 758);
    merced.addEdge(357, 356, 902);
    merced.addEdge(357, 629, 760);
    merced.addEdge(357, 669, 761);
    merced.addEdge(357, 358, 902);
    merced.addEdge(358, 848, 749);
    merced.addEdge(358, 555, 754);
    merced.addEdge(358, 357, 902);
    merced.addEdge(359, 748, 667);
    merced.addEdge(359, 969, 529);
    merced.addEdge(359, 360, 704);
    merced.addEdge(359, 1041, 444);
    merced.addEdge(360, 944, 901);
    merced.addEdge(360, 947, 338);
    merced.addEdge(360, 359, 704);
    merced.addEdge(361, 269, 3494);
    merced.addEdge(361, 362, 5008);
    merced.addEdge(361, 1415, 9547);
    merced.addEdge(362, 1065, 4983);
    merced.addEdge(362, 263, 8780);
    merced.addEdge(362, 363, 5017);
    merced.addEdge(362, 361, 5008);
    merced.addEdge(363, 204, 893);
    merced.addEdge(363, 206, 2305);
    merced.addEdge(363, 197, 4994);
    merced.addEdge(363, 362, 5017);
    merced.addEdge(364, 365, 1244);
    merced.addEdge(364, 922, 536);
    merced.addEdge(364, 1007, 527);
    merced.addEdge(365, 366, 1247);
    merced.addEdge(365, 364, 1244);
    merced.addEdge(365, 1014, 533);
    merced.addEdge(365, 920, 536);
    merced.addEdge(366, 365, 1247);
    merced.addEdge(366, 919, 535);
    merced.addEdge(366, 1052, 541);
    merced.addEdge(367, 368, 610);
    merced.addEdge(367, 854, 999);
    merced.addEdge(367, 554, 836);
    merced.addEdge(368, 369, 986);
    merced.addEdge(368, 367, 610);
    merced.addEdge(368, 678, 779);
    merced.addEdge(368, 677, 727);
    merced.addEdge(369, 368, 986);
    merced.addEdge(369, 503, 737);
    merced.addEdge(369, 502, 702);
    merced.addEdge(369, 370, 1730);
    merced.addEdge(370, 369, 1730);
    merced.addEdge(371, 271, 2529);
    merced.addEdge(371, 1798, 4971);
    merced.addEdge(371, 418, 5017);
    merced.addEdge(372, 373, 5051);
    merced.addEdge(372, 271, 4998);
    merced.addEdge(372, 419, 5010);
    merced.addEdge(372, 304, 10633);
    merced.addEdge(373, 803, 5010);
    merced.addEdge(373, 372, 5051);
    merced.addEdge(373, 1067, 3123);
    merced.addEdge(373, 420, 5011);
    merced.addEdge(374, 2135, 293);
    merced.addEdge(374, 266, 265);
    merced.addEdge(374, 5095, 6941);
    merced.addEdge(375, 219, 1021);
    merced.addEdge(375, 266, 9803);
    merced.addEdge(375, 2112, 2671);
    merced.addEdge(375, 755, 5018);
    merced.addEdge(376, 277, 775);
    merced.addEdge(376, 275, 1270);
    merced.addEdge(376, 314, 12894);
    merced.addEdge(377, 378, 3371);
    merced.addEdge(377, 419, 5053);
    merced.addEdge(377, 418, 2479);
    merced.addEdge(378, 379, 1530);
    merced.addEdge(378, 377, 3371);
    merced.addEdge(378, 780, 2507);
    merced.addEdge(379, 380, 2587);
    merced.addEdge(379, 378, 1530);
    merced.addEdge(379, 753, 5166);
    merced.addEdge(380, 379, 2587);
    merced.addEdge(381, 770, 681);
    merced.addEdge(381, 761, 948);
    merced.addEdge(381, 382, 647);
    merced.addEdge(382, 383, 755);
    merced.addEdge(382, 760, 920);
    merced.addEdge(382, 771, 508);
    merced.addEdge(382, 381, 647);
    merced.addEdge(383, 382, 755);
    merced.addEdge(383, 759, 926);
    merced.addEdge(383, 772, 273);
    merced.addEdge(383, 384, 755);
    merced.addEdge(384, 383, 755);
    merced.addEdge(384, 501, 691);
    merced.addEdge(384, 758, 928);
    merced.addEdge(384, 628, 10543);
    merced.addEdge(385, 477, 544);
    merced.addEdge(385, 828, 690);
    merced.addEdge(385, 1192, 465);
    merced.addEdge(385, 689, 1003);
    merced.addEdge(386, 387, 1802);
    merced.addEdge(386, 691, 512);
    merced.addEdge(386, 1191, 135);
    merced.addEdge(387, 386, 1802);
    merced.addEdge(387, 900, 515);
    merced.addEdge(387, 1044, 519);
    merced.addEdge(387, 1246, 935);
    merced.addEdge(388, 389, 1129);
    merced.addEdge(388, 936, 426);
    merced.addEdge(388, 744, 348);
    merced.addEdge(389, 390, 578);
    merced.addEdge(389, 388, 1129);
    merced.addEdge(389, 972, 584);
    merced.addEdge(389, 1043, 895);
    merced.addEdge(390, 391, 624);
    merced.addEdge(390, 389, 578);
    merced.addEdge(390, 544, 776);
    merced.addEdge(391, 1236, 803);
    merced.addEdge(391, 390, 624);
    merced.addEdge(391, 864, 649);
    merced.addEdge(391, 863, 561);
    merced.addEdge(392, 1236, 75);
    merced.addEdge(392, 1054, 1066);
    merced.addEdge(392, 1519, 352);
    merced.addEdge(393, 394, 796);
    merced.addEdge(393, 650, 485);
    merced.addEdge(393, 649, 491);
    merced.addEdge(394, 393, 796);
    merced.addEdge(395, 396, 470);
    merced.addEdge(395, 5748, 487);
    merced.addEdge(395, 530, 942);
    merced.addEdge(396, 902, 944);
    merced.addEdge(396, 397, 478);
    merced.addEdge(396, 395, 470);
    merced.addEdge(397, 903, 946);
    merced.addEdge(397, 398, 471);
    merced.addEdge(397, 396, 478);
    merced.addEdge(398, 783, 470);
    merced.addEdge(398, 993, 483);
    merced.addEdge(398, 399, 1259);
    merced.addEdge(398, 397, 471);
    merced.addEdge(399, 577, 463);
    merced.addEdge(399, 576, 804);
    merced.addEdge(399, 398, 1259);
    merced.addEdge(400, 401, 5019);
    merced.addEdge(400, 488, 4968);
    merced.addEdge(400, 412, 4217);
    merced.addEdge(401, 402, 668);
    merced.addEdge(401, 350, 2844);
    merced.addEdge(401, 400, 5019);
    merced.addEdge(402, 401, 668);
    merced.addEdge(402, 1113, 5020);
    merced.addEdge(402, 332, 3000);
    merced.addEdge(403, 1170, 142);
    merced.addEdge(403, 553, 615);
    merced.addEdge(403, 1172, 963);
    merced.addEdge(404, 1516, 12671);
    merced.addEdge(404, 991, 10036);
    merced.addEdge(404, 140, 3249);
    merced.addEdge(405, 325, 661);
    merced.addEdge(405, 708, 7139);
    merced.addEdge(405, 707, 10041);
    merced.addEdge(405, 177, 7052);
    merced.addEdge(406, 407, 4904);
    merced.addEdge(406, 336, 1188);
    merced.addEdge(406, 1046, 4970);
    merced.addEdge(406, 346, 5578);
    merced.addEdge(407, 408, 5107);
    merced.addEdge(407, 406, 4904);
    merced.addEdge(407, 597, 5003);
    merced.addEdge(408, 409, 1239);
    merced.addEdge(408, 407, 5107);
    merced.addEdge(408, 1023, 2486);
    merced.addEdge(409, 408, 1239);
    merced.addEdge(409, 734, 1333);
    merced.addEdge(409, 410, 1286);
    merced.addEdge(410, 411, 262);
    merced.addEdge(410, 913, 213);
    merced.addEdge(410, 409, 1286);
    merced.addEdge(411, 1188, 979);
    merced.addEdge(411, 906, 530);
    merced.addEdge(411, 410, 262);
    merced.addEdge(412, 400, 4217);
    merced.addEdge(413, 5765, 919);
    merced.addEdge(413, 414, 898);
    merced.addEdge(413, 6785, 752);
    merced.addEdge(413, 907, 727);
    merced.addEdge(414, 415, 903);
    merced.addEdge(414, 413, 898);
    merced.addEdge(414, 6786, 756);
    merced.addEdge(414, 951, 761);
    merced.addEdge(415, 416, 908);
    merced.addEdge(415, 414, 903);
    merced.addEdge(415, 6787, 758);
    merced.addEdge(415, 918, 760);
    merced.addEdge(416, 417, 907);
    merced.addEdge(416, 415, 908);
    merced.addEdge(416, 715, 753);
    merced.addEdge(416, 896, 762);
    merced.addEdge(417, 416, 907);
    if (1000 % 5000 == 0) std::cout << "Loaded " << 1000 << " edges..." << std::endl;
    merced.addEdge(417, 498, 754);
    merced.addEdge(417, 468, 774);
    merced.addEdge(417, 683, 1384);
    merced.addEdge(418, 377, 2479);
    merced.addEdge(418, 371, 5017);
    merced.addEdge(418, 780, 2918);
    merced.addEdge(419, 420, 5048);
    merced.addEdge(419, 377, 5053);
    merced.addEdge(419, 753, 4986);
    merced.addEdge(419, 372, 5010);
    merced.addEdge(420, 421, 4811);
    merced.addEdge(420, 419, 5048);
    merced.addEdge(420, 373, 5011);
    merced.addEdge(420, 1066, 4985);
    merced.addEdge(421, 422, 199);
    merced.addEdge(421, 420, 4811);
    merced.addEdge(421, 1099, 5030);
    merced.addEdge(422, 421, 199);
    merced.addEdge(422, 423, 5030);
    merced.addEdge(422, 316, 1609);
    merced.addEdge(423, 422, 5030);
    merced.addEdge(423, 118, 1098);
    merced.addEdge(423, 433, 58412);
    merced.addEdge(424, 425, 574);
    merced.addEdge(424, 551, 503);
    merced.addEdge(424, 586, 525);
    merced.addEdge(425, 424, 574);
    merced.addEdge(426, 427, 186);
    merced.addEdge(426, 528, 299);
    merced.addEdge(426, 1068, 337);
    merced.addEdge(427, 428, 486);
    merced.addEdge(427, 426, 186);
    merced.addEdge(427, 848, 692);
    merced.addEdge(428, 427, 486);
    merced.addEdge(428, 1214, 343);
    merced.addEdge(428, 848, 1185);
    merced.addEdge(429, 576, 1664);
    merced.addEdge(429, 575, 1009);
    merced.addEdge(429, 5802, 977);
    merced.addEdge(429, 5801, 1068);
    merced.addEdge(430, 5803, 502);
    merced.addEdge(430, 456, 1036);
    merced.addEdge(430, 455, 1052);
    merced.addEdge(430, 8566, 432);
    merced.addEdge(431, 774, 488);
    merced.addEdge(431, 5804, 504);
    merced.addEdge(431, 8566, 1376);
    merced.addEdge(432, 1578, 61);
    merced.addEdge(432, 1187, 3509);
    merced.addEdge(432, 5806, 1108);
    merced.addEdge(433, 1171, 81);
    merced.addEdge(433, 423, 58412);
    merced.addEdge(433, 1176, 5081);
    merced.addEdge(434, 1100, 1760);
    merced.addEdge(434, 1099, 4996);
    merced.addEdge(434, 183, 5094);
    merced.addEdge(434, 118, 3899);
    merced.addEdge(435, 1088, 2562);
    merced.addEdge(435, 1087, 4992);
    merced.addEdge(435, 195, 3698);
    merced.addEdge(435, 199, 702);
    merced.addEdge(436, 981, 5006);
    merced.addEdge(436, 437, 4993);
    merced.addEdge(436, 197, 9991);
    merced.addEdge(437, 436, 4993);
    merced.addEdge(437, 821, 4991);
    merced.addEdge(437, 438, 4981);
    merced.addEdge(437, 537, 5016);
    merced.addEdge(438, 147, 4167);
    merced.addEdge(438, 437, 4981);
    merced.addEdge(438, 7833, 5001);
    merced.addEdge(438, 536, 4996);
    merced.addEdge(439, 147, 897);
    merced.addEdge(439, 260, 12430);
    merced.addEdge(439, 7834, 5005);
    merced.addEdge(439, 535, 5014);
    merced.addEdge(440, 1155, 1331);
    merced.addEdge(440, 616, 321);
    merced.addEdge(440, 441, 1251);
    merced.addEdge(441, 1047, 510);
    merced.addEdge(441, 656, 1997);
    merced.addEdge(441, 440, 1251);
    merced.addEdge(442, 965, 603);
    merced.addEdge(442, 894, 546);
    merced.addEdge(443, 1484, 344);
    merced.addEdge(443, 746, 1920);
    merced.addEdge(443, 444, 629);
    merced.addEdge(444, 445, 633);
    merced.addEdge(444, 443, 629);
    merced.addEdge(444, 825, 1923);
    merced.addEdge(444, 860, 1000);
    merced.addEdge(445, 446, 646);
    merced.addEdge(445, 841, 1922);
    merced.addEdge(445, 444, 633);
    merced.addEdge(446, 447, 328);
    merced.addEdge(446, 445, 646);
    merced.addEdge(446, 1121, 1920);
    merced.addEdge(447, 448, 388);
    merced.addEdge(447, 446, 328);
    merced.addEdge(447, 595, 994);
    merced.addEdge(448, 447, 388);
    merced.addEdge(448, 1161, 783);
    merced.addEdge(448, 449, 809);
    merced.addEdge(449, 450, 610);
    merced.addEdge(449, 958, 680);
    merced.addEdge(449, 448, 809);
    merced.addEdge(450, 449, 610);
    merced.addEdge(450, 959, 675);
    merced.addEdge(450, 451, 1599);
